0.13, 0.23, 0.05, 0.15, 0.12, 0.1, 0.8
0.07, 0.05, 0.18, 0.24, 0.14, 0.15
0.08, 0.11, 0.19, 0.2, 0.05, 0.15
0.11, 0.13, 0.12, 0.2, 0.2, 0.06
0.09, 0.17, 0.24, 0.19, 0.2, 0.18
0.12, 0.13, 0.2, 0.18, 0.12, 0.13
0.19, 0.19, 0.19, 0.17, 0.11, 0.17
0.04, 0.16, 0.1, 0.07, 0.13, 0.1
0.06, 0.09, 0.12, 0.09, 0.08, 0.1
0.16, 0.11, 0.05, 0.1, 0.19, 0.06
0.09, 0.17, 0.15, 0.22, 0.17, 0.09
0.2, 0.19, 0.22, 0.2, 0.04, 0.14
0.09, 0.19, 0.23, 0.05, 0.07, 0.16
0.17, 0.11, 0.19, 0.13, 0.05, 0.08
0.09, 0.09, 0.19, 0.16, 0.1, 0.21
0.05, 0.16, 0.18, 0.17, 0.15, 0.11
0.05, 0.09, 0.08, 0.14, 0.09, 0.09
0.13, 0.23, 0.05, 0.15, 0.12, 0.1, 
0.07, 0.05, 0.18, 0.24, 0.14, 0.15
0.08, 0.11, 0.19, 0.2, 0.05, 0.15
0.11, 0.13, 0.12, 0.2, 0.2, 0.06
0.09, 0.17, 0.24, 0.19, 0.2, 0.18
0.12, 0.13, 0.2, 0.18, 0.12, 0.18
0.19, 0.19, 0.19, 0.17, 0.11, 0.17
0.04, 0.16, 0.1, 0.07, 0.13, 0.1
0.06, 0.09, 0.12, 0.09, 0.08, 0.1
0.16, 0.11, 0.05, 0.1, 0.19, 0.06
0.09, 0.17, 0.15, 0.22, 0.17, 0.09
0.2, 0.19, 0.22, 0.2, 0.04, 0.14
0.09, 0.19, 0.23, 0.05, 0.07, 0.16
0.17, 0.11, 0.19, 0.13, 0.05, 0.08
0.09, 0.09, 0.19, 0.16, 0.1, 0.21
0.05, 0.16, 0.18, 0.17, 0.15, 0.11
0.05, 0.09, 0.08, 0.14, 0.09, 0.09
0.12, 0.22, 0.21, 0.06, 0.12, 0.2
0.07, 0.07, 0.07, 0.07, 0.16, 0.23
0.13, 0.13, 0.04, 0.13, 0.1, 0.15
0.15, 0.13, 0.14, 0.15, 0.13, 0.04
0.19, 0.12, 0.08, 0.06, 0.13, 0.12
0.11, 0.11, 0.07, 0.15, 0.12, 0.2
0.14, 0.16, 0.08, 0.06, 0.11, 0.23
0.08, 0.18, 0.17, 0.16, 0.14, 0.19
0.05, 0.12, 0.08, 0.19, 0.19, 0.19
0.22, 0.15, 0.12, 0.23, 0.15, 0.24
0.17, 0.11, 0.11, 0.11, 0.08, 0.2
0.07, 0.08, 0.21, 0.17, 0.09, 0.18
0.17, 0.23, 0.14, 0.09, 0.16, 0.21
0.07, 0.17, 0.21, 0.18, 0.22, 0.06
0.16, 0.06, 0.23, 0.13, 0.19, 0.2
0.18, 0.11, 0.23, 0.19, 0.1, 0.16
0.13, 0.13, 0.04, 0.13, 0.1, 0.15
0.15, 0.13, 0.14, 0.15, 0.13, 0.04
0.19, 0.12, 0.08, 0.06, 0.13, 0.12
0.11, 0.11, 0.07, 0.15, 0.12, 0.2
0.14, 0.16, 0.08, 0.06, 0.11, 0.23
0.08, 0.18, 0.17, 0.16, 0.14, 0.19
0.05, 0.12, 0.08, 0.19, 0.19, 0.19
0.22, 0.15, 0.12, 0.23, 0.15, 0.24
0.17, 0.11, 0.11, 0.11, 0.08, 0.2
0.07, 0.08, 0.21, 0.17, 0.09, 0.18
0.17, 0.23, 0.14, 0.09, 0.16, 0.21
0.07, 0.17, 0.21, 0.18, 0.22, 0.06
0.16, 0.06, 0.23, 0.13, 0.19, 0.2
0.18, 0.11, 0.23, 0.19, 0.1, 0.16
